---
images/banner-med.jpg: 2017-10-03 09:47:41.000000000 +02:00
images/SHAM-logo.jpg: 2017-10-03 09:47:41.000000000 +02:00
images/banner-large.jpg: 2017-10-03 09:47:41.000000000 +02:00
images/Author-Tristan-Tarwater.jpg: 2017-10-03 09:47:41.000000000 +02:00
images/banner-xl2.jpg: 2017-10-03 09:47:41.000000000 +02:00
images/banner-small.jpg: 2017-10-03 09:47:41.000000000 +02:00
images/Artist-Adrian-Ricker.jpg: 2017-10-03 09:47:41.000000000 +02:00
images/banner-xl.jpg: 2017-10-03 09:47:41.000000000 +02:00
images/comics/a-fistful-of-lunars-page-5.jpg: 2017-10-03 09:47:41.000000000 +02:00
images/comics/a-fistful-of-lunars-page-4.jpg: 2017-10-03 09:47:41.000000000 +02:00
images/comics/a-fistful-of-lunars-page-1.jpg: 2017-10-03 09:47:41.000000000 +02:00
images/comics/small/a-fistful-of-lunars-page-5.jpg: 2017-10-03 10:12:50.000000000
  +02:00
images/comics/small/a-fistful-of-lunars-page-4.jpg: 2017-10-03 10:12:50.000000000
  +02:00
images/comics/small/a-fistful-of-lunars-page-1.jpg: 2017-10-03 10:12:50.000000000
  +02:00
images/comics/small/a-fistful-of-lunars-page-3.jpg: 2017-10-03 10:12:50.000000000
  +02:00
images/comics/small/a-fistful-of-lunars-page-2.jpg: 2017-10-03 10:12:50.000000000
  +02:00
images/comics/a-fistful-of-lunars-page-3.jpg: 2017-10-03 09:47:41.000000000 +02:00
images/comics/thumbs/a-fistful-of-lunars-page-5.jpg: 2017-10-03 10:12:49.000000000
  +02:00
images/comics/thumbs/a-fistful-of-lunars-page-4.jpg: 2017-10-03 10:12:49.000000000
  +02:00
images/comics/thumbs/a-fistful-of-lunars-page-1.jpg: 2017-10-03 10:12:49.000000000
  +02:00
images/comics/thumbs/a-fistful-of-lunars-page-3.jpg: 2017-10-03 10:12:49.000000000
  +02:00
images/comics/thumbs/a-fistful-of-lunars-page-2.jpg: 2017-10-03 10:12:49.000000000
  +02:00
images/comics/a-fistful-of-lunars-page-2.jpg: 2017-10-03 09:47:41.000000000 +02:00
images/characters/Shamsee-Bio.jpg: 2017-10-03 09:47:41.000000000 +02:00
images/characters/Blighter-Bio.jpg: 2017-10-03 09:47:41.000000000 +02:00
images/characters/Gia-Bio.jpg: 2017-10-03 09:47:41.000000000 +02:00
