---
images/banner-med.jpg: 2017-10-03 09:47:41.000000000 +02:00
images/SHAM-logo.jpg: 2017-10-03 09:47:41.000000000 +02:00
images/banner-large.jpg: 2017-10-03 09:47:41.000000000 +02:00
images/Author-Tristan-Tarwater.jpg: 2017-10-03 09:47:41.000000000 +02:00
images/banner-xl2.jpg: 2017-10-03 09:47:41.000000000 +02:00
images/banner-small.jpg: 2017-10-03 09:47:41.000000000 +02:00
images/Artist-Adrian-Ricker.jpg: 2017-10-03 09:47:41.000000000 +02:00
images/banner-xl.jpg: 2017-10-03 09:47:41.000000000 +02:00
images/comics/a-fistful-of-lunars-page-5.jpg: 2017-10-03 10:25:03.000000000 +02:00
images/comics/a-fistful-of-lunars-page-4.jpg: 2017-10-03 10:25:03.000000000 +02:00
images/comics/a-fistful-of-lunars-page-1.jpg: 2017-10-03 09:47:41.000000000 +02:00
images/comics/small/a-fistful-of-lunars-page-5.jpg: 2017-10-03 10:59:47.000000000
  +02:00
images/comics/small/a-fistful-of-lunars-page-4.jpg: 2017-10-03 11:04:37.000000000
  +02:00
images/comics/small/a-fistful-of-lunars-page-1.jpg: 2017-10-03 11:04:37.000000000
  +02:00
images/comics/small/a-fistful-of-lunars-page-3.jpg: 2017-10-03 11:04:37.000000000
  +02:00
images/comics/small/a-fistful-of-lunars-page-2.jpg: 2017-10-03 11:04:37.000000000
  +02:00
images/comics/a-fistful-of-lunars-page-3.jpg: 2017-10-03 10:25:03.000000000 +02:00
images/comics/thumbs/a-fistful-of-lunars-page-5.jpg: 2017-10-03 10:44:52.000000000
  +02:00
images/comics/thumbs/a-fistful-of-lunars-page-4.jpg: 2017-10-03 11:04:37.000000000
  +02:00
images/comics/thumbs/a-fistful-of-lunars-page-1.jpg: 2017-10-03 11:04:37.000000000
  +02:00
images/comics/thumbs/a-fistful-of-lunars-page-3.jpg: 2017-10-03 11:04:37.000000000
  +02:00
images/comics/thumbs/a-fistful-of-lunars-page-2.jpg: 2017-10-03 11:04:37.000000000
  +02:00
images/comics/a-fistful-of-lunars-page-2.jpg: 2017-10-03 10:25:03.000000000 +02:00
images/characters/Shamsee-Bio.jpg: 2017-10-03 09:47:41.000000000 +02:00
images/characters/Blighter-Bio.jpg: 2017-10-03 09:47:41.000000000 +02:00
images/characters/Gia-Bio.jpg: 2017-10-03 09:47:41.000000000 +02:00
images/comics/lie_to_continue.png: 2017-10-03 10:16:44.000000000 +02:00
images/comics/small/lie_to_continue.png: 2017-10-03 10:33:14.000000000 +02:00
images/comics/thumbs/lie_to_continue.png: 2017-10-03 10:33:23.000000000 +02:00
images/comics/lie-to-continue-page-6.png: 2017-10-03 10:16:44.000000000 +02:00
images/comics/small/lie-to-continue-page-6.png: 2017-10-03 10:39:03.000000000 +02:00
images/comics/thumbs/lie-to-continue-page-6.png: 2017-10-03 10:38:07.000000000 +02:00
images/comics/a-fistful-of-lunars-page-6.png: 2017-10-03 10:16:44.000000000 +02:00
images/comics/small/a-fistful-of-lunars-page-6.png: 2017-10-03 11:00:10.000000000
  +02:00
images/comics/thumbs/a-fistful-of-lunars-page-6.png: 2017-10-03 10:44:51.000000000
  +02:00
images/comics/a-fistful-of-lunars-page-5.png: 2017-10-03 10:16:44.000000000 +02:00
images/comics/thumbs/a-fistful-of-lunars-page-5.png: 2017-10-03 11:04:37.000000000
  +02:00
images/comics/small/a-fistful-of-lunars-page-5.png: 2017-10-03 11:04:37.000000000
  +02:00
